D166 81.25 63.75 45
D58 68.75 53.75 45
D59 68.75 56.25 45
D50 66.25 53.75 45
D51 66.25 56.25 45
D52 66.25 58.75 45
D53 66.25 61.25 45
D54 66.25 63.75 45
D55 66.25 66.25 45
D56 66.25 68.75 45
D57 68.75 51.25 45
D239 83.75 86.25 45
D238 83.75 83.75 45
D237 83.75 81.25 45
D236 83.75 78.75 45
D235 83.75 76.25 45
D234 83.75 73.75 45
D233 83.75 71.25 45
D232 81.25 88.75 45
D231 81.25 86.25 45
D230 81.25 83.75 45
D138 73.75 53.75 45
D139 73.75 56.25 45
D130 71.25 53.75 45
D131 71.25 56.25 45
D132 71.25 58.75 45
D133 71.25 61.25 45
D134 71.25 63.75 45
D135 71.25 66.25 45
D136 71.25 68.75 45
D137 73.75 51.25 45
D147 76.25 56.25 45
D69 51.25 81.25 45
D68 51.25 78.75 45
D65 51.25 71.25 45
D64 68.75 68.75 45
D67 51.25 76.25 45
D66 51.25 73.75 45
D61 68.75 61.25 45
D60 68.75 58.75 45
D63 68.75 66.25 45
D62 68.75 63.75 45
D208 73.75 88.75 45
D209 76.25 71.25 45
D202 73.75 73.75 45
D203 73.75 76.25 45
D200 71.25 88.75 45
D201 73.75 71.25 45
D206 73.75 83.75 45
D207 73.75 86.25 45
D204 73.75 78.75 45
D205 73.75 81.25 45
D129 71.25 51.25 45
D128 68.75 88.75 45
D123 68.75 76.25 45
D122 68.75 73.75 45
D121 68.75 71.25 45
D120 66.25 88.75 45
D127 68.75 86.25 45
D126 68.75 83.75 45
D125 68.75 81.25 45
D124 68.75 78.75 45
D72 51.25 88.75 45
D73 53.75 71.25 45
D70 51.25 83.75 45
D71 51.25 86.25 45
D76 53.75 78.75 45
D77 53.75 81.25 45
D74 53.75 73.75 45
D75 53.75 76.25 45
D78 53.75 83.75 45
D79 53.75 86.25 45
D215 76.25 86.25 45
D214 76.25 83.75 45
D217 78.75 71.25 45
D216 76.25 88.75 45
D211 76.25 76.25 45
D210 76.25 73.75 45
D198 71.25 83.75 45
D212 76.25 78.75 45
D196 71.25 78.75 45
D197 71.25 81.25 45
D194 71.25 73.75 45
D195 71.25 76.25 45
D192 88.75 68.75 45
D193 71.25 71.25 45
D190 88.75 63.75 45
D191 88.75 66.25 45
D116 66.25 78.75 45
D117 66.25 81.25 45
D114 66.25 73.75 45
D115 66.25 76.25 45
D112 63.75 88.75 45
D113 66.25 71.25 45
D110 63.75 83.75 45
D111 63.75 86.25 45
D118 66.25 83.75 45
D119 66.25 86.25 45
D160 78.75 68.75 45
D189 88.75 61.25 45
D188 88.75 58.75 45
D142 73.75 63.75 45
D181 86.25 61.25 45
D180 86.25 58.75 45
D183 86.25 66.25 45
D182 86.25 63.75 45
D185 88.75 51.25 45
D184 86.25 68.75 45
D187 88.75 56.25 45
D186 88.75 53.75 45
D101 61.25 81.25 45
D100 61.25 78.75 45
D103 61.25 86.25 45
D102 61.25 83.75 45
D105 63.75 71.25 45
D104 61.25 88.75 45
D89 58.75 71.25 45
D88 56.25 88.75 45
D109 63.75 81.25 45
D108 63.75 78.75 45
D85 56.25 81.25 45
D84 56.25 78.75 45
D83 56.25 76.25 45
D82 56.25 73.75 45
D81 56.25 71.25 45
D80 53.75 88.75 45
D14 53.75 63.75 45
D15 53.75 66.25 45
D16 53.75 68.75 45
D17 56.25 51.25 45
D10 53.75 53.75 45
D11 53.75 56.25 45
D12 53.75 58.75 45
D13 53.75 61.25 45
D18 56.25 53.75 45
D19 56.25 56.25 45
D98 61.25 73.75 45
D99 61.25 76.25 45
D94 58.75 83.75 45
D95 58.75 86.25 45
D96 58.75 88.75 45
D97 61.25 71.25 45
D90 58.75 73.75 45
D91 58.75 76.25 45
D92 58.75 78.75 45
D93 58.75 81.25 45
D174 83.75 63.75 45
D175 83.75 66.25 45
D176 83.75 68.75 45
D177 86.25 51.25 45
D170 83.75 53.75 45
D171 83.75 56.25 45
D172 83.75 58.75 45
D173 83.75 61.25 45
D178 86.25 53.75 45
D179 86.25 56.25 45
D29 58.75 61.25 45
D28 58.75 58.75 45
D21 56.25 61.25 45
D20 56.25 58.75 45
D23 56.25 66.25 45
D22 56.25 63.75 45
D25 58.75 51.25 45
D24 56.25 68.75 45
D27 58.75 56.25 45
D26 58.75 53.75 45
D225 81.25 71.25 45
D248 86.25 88.75 45
D249 88.75 71.25 45
D246 86.25 83.75 45
D247 86.25 86.25 45
D244 86.25 78.75 45
D245 86.25 81.25 45
D242 86.25 73.75 45
D243 86.25 76.25 45
D240 83.75 88.75 45
D241 86.25 71.25 45
D107 63.75 76.25 45
D106 63.75 73.75 45
D199 71.25 86.25 45
D167 81.25 66.25 45
D87 56.25 86.25 45
D165 81.25 61.25 45
D164 81.25 58.75 45
D163 81.25 56.25 45
D162 81.25 53.75 45
D161 81.25 51.25 45
D86 56.25 83.75 45
D169 83.75 51.25 45
D168 81.25 68.75 45
D213 76.25 81.25 45
D38 61.25 63.75 45
D39 61.25 66.25 45
D36 61.25 58.75 45
D37 61.25 61.25 45
D34 61.25 53.75 45
D35 61.25 56.25 45
D32 58.75 68.75 45
D33 61.25 51.25 45
D30 58.75 63.75 45
D31 58.75 66.25 45
D251 88.75 76.25 45
D250 88.75 73.75 45
D253 88.75 81.25 45
D223 78.75 86.25 45
D255 88.75 86.25 45
D254 88.75 83.75 45
D256 88.75 88.75 45
D252 88.75 78.75 45
D219 78.75 76.25 45
D218 78.75 73.75 45
D152 76.25 68.75 45
D153 78.75 51.25 45
D150 76.25 63.75 45
D151 76.25 66.25 45
D156 78.75 58.75 45
D157 78.75 61.25 45
D154 78.75 53.75 45
D155 78.75 56.25 45
D158 78.75 63.75 45
D159 78.75 66.25 45
D145 76.25 51.25 45
D49 66.25 51.25 45
D48 63.75 68.75 45
D144 73.75 68.75 45
D43 63.75 56.25 45
D42 63.75 53.75 45
D41 63.75 51.25 45
D40 61.25 68.75 45
D47 63.75 66.25 45
D46 63.75 63.75 45
D45 63.75 61.25 45
D44 63.75 58.75 45
D146 76.25 53.75 45
D228 81.25 78.75 45
D229 81.25 81.25 45
D224 78.75 88.75 45
D141 73.75 61.25 45
D226 81.25 73.75 45
D227 81.25 76.25 45
D220 78.75 78.75 45
D221 78.75 81.25 45
D222 78.75 83.75 45
D140 73.75 58.75 45
D149 76.25 61.25 45
D148 76.25 58.75 45
D8 51.25 68.75 45
D9 53.75 51.25 45
D6 51.25 63.75 45
D7 51.25 66.25 45
D4 51.25 58.75 45
D5 51.25 61.25 45
D2 51.25 53.75 45
D3 51.25 56.25 45
D143 73.75 66.25 45
D1 51.25 51.25 45
